<?xml version="1.0"?>
<opencv_storage>
<CameraMatrix type_id="opencv-matrix">
  <rows>3</rows>
  <cols>3</cols>
  <dt>f</dt>
  <data>
    491.220459 0. 333.024658 0. 494.298279 216.678177 0. 0. 1.</data></CameraMatrix>
<DistortionCoeffs type_id="opencv-matrix">
  <rows>1</rows>
  <cols>5</cols>
  <dt>f</dt>
  <data>
    -0.361366689 0.185585067 0.000676140015 0.000241051021 -0.0592187755</data></DistortionCoeffs>
</opencv_storage>
