<?xml version="1.0"?>
<opencv_storage>
<CameraMatrix type_id="opencv-matrix">
  <rows>3</rows>
  <cols>3</cols>
  <dt>f</dt>
  <data>
    491.42041 0. 333.780975 0. 494.736694 217.201248 0. 0. 1.</data></CameraMatrix>
<DistortionCoeffs type_id="opencv-matrix">
  <rows>1</rows>
  <cols>5</cols>
  <dt>f</dt>
  <data>
    -0.35294798 0.166421339 0.00084002642 0.000202536263 -0.0466899611</data></DistortionCoeffs>
</opencv_storage>
