<?xml version="1.0"?>
<opencv_storage>
<CameraMatrix type_id="opencv-matrix">
  <rows>3</rows>
  <cols>3</cols>
  <dt>f</dt>
  <data>
    489.225769 0. 330.28656 0. 491.737366 223.259491 0. 0. 1.</data></CameraMatrix>
<DistortionCoeffs type_id="opencv-matrix">
  <rows>1</rows>
  <cols>5</cols>
  <dt>f</dt>
  <data>
    -0.351560026 0.153759554 0.000941182603 -0.0004454726 -0.0364464819</data></DistortionCoeffs>
</opencv_storage>
