<?xml version="1.0"?>
<opencv_storage>
<CameraMatrix type_id="opencv-matrix">
  <rows>3</rows>
  <cols>3</cols>
  <dt>f</dt>
  <data>
    490.967682 0. 331.910492 0. 493.892487 226.865753 0. 0. 1.</data></CameraMatrix>
<DistortionCoeffs type_id="opencv-matrix">
  <rows>1</rows>
  <cols>5</cols>
  <dt>f</dt>
  <data>
    -0.363515884 0.23257032 0.000778201269 -0.00139902427 -0.130983591</data></DistortionCoeffs>
</opencv_storage>
