<?xml version="1.0"?>
<opencv_storage>
<CameraMatrix type_id="opencv-matrix">
  <rows>3</rows>
  <cols>3</cols>
  <dt>f</dt>
  <data>
    490.243652 0. 342.489655 0. 492.724243 241.742554 0. 0. 1.</data></CameraMatrix>
<DistortionCoeffs type_id="opencv-matrix">
  <rows>1</rows>
  <cols>5</cols>
  <dt>f</dt>
  <data>
    -0.365646422 0.179693893 -0.000931563554 -0.00110381574
    -0.0511875786</data></DistortionCoeffs>
</opencv_storage>
